RELNUM;POMUMB;INUMBR;RELBL5;CANTIDAD_COMP1;CANTIDAD_COMP2;FECHA_INGRESO;
1.158884E8;643672.0;9.0465101E8;122113117;1;1;20171120
1.15881E8;644040.0;2.29686E8;122115419;1;1;20171120
1.15885256E8;643628.0;5.30469984E8;122113073;1;1;20171120
1.15884552E8;643785.0;3.68633984E8;122113230;1;1;20171120
1.15904776E8;644419.0;6.1101402E8;122121544;1;1;20171120
1.15889792E8;643832.0;3.63285984E8;122113277;1;1;20171120
1.15891872E8;644050.0;1.54856E8;122115430;1;1;20171120
1.15883592E8;644015.0;3.77153984E8;122115394;1;1;20171120
1.15886024E8;643970.0;5.9349299E8;122113411;1;1;20171120
1.15908976E8;644525.0;5.34828E8;122123987;1;1;20171120
1.15909912E8;644503.0;2.34308992E8;122123965;1;1;20171120
1.15890848E8;643839.0;6.0068301E8;122113283;1;1;20171120
1.1591708E8;644859.0;4.40755008E8;122128695;1;1;20171120
1.15906E8;644407.0;8.0529299E8;122121532;1;1;20171120
1.15883424E8;644187.0;8.3228998E8;122115567;1;1;20171120
1.15887432E8;644133.0;2.00232E8;122115513;1;1;20171120
1.15888536E8;644241.0;2.29751008E8;122115621;1;1;20171120
1.1588512E8;643592.0;6.4561197E8;122113037;1;1;20171120
1.158848E8;643906.0;3.75383008E8;122113349;1;1;20171120
1.15882232E8;643668.0;4.44666016E8;122113113;1;1;20171120
1.1588424E8;643639.0;6.1101402E8;122113084;1;1;20171120
1.15882344E8;644160.0;4.59276E8;122115540;1;1;20171120
1.15888024E8;643952.0;5.5898298E8;122113393;1;1;20171120
1.15674088E8;644904.0;3.63285984E8;122128750;1;1;20171120
1.15886384E8;644136.0;1.19179008E8;122115516;1;1;20171120
1.15885136E8;643597.0;6.8362202E8;122113042;1;1;20171120
1.15908192E8;644523.0;4.67468992E8;122123985;1;1;20171120
1.15902968E8;644334.0;4.45023008E8;122116280;1;1;20171120
1.15918784E8;644879.0;6.1714003E8;122128715;1;1;20171120
1.15914416E8;644794.0;3.84851008E8;122128351;1;1;20171120
1.15891536E8;643702.0;2.41604E8;122113147;2;2;20171120
1.15908392E8;644495.0;1.45512E8;122123957;1;1;20171120
1.15886904E8;644149.0;7.0656E8;122115529;1;1;20171120
1.1588952E8;644181.0;2.00234E8;122115561;1;1;20171120
1.15908032E8;644822.0;7.6992698E8;122128379;1;1;20171120
1.15905904E8;644749.0;1.19731E8;122128306;1;1;20171120
1.15886672E8;643808.0;6.04496E8;122113253;1;1;20171120
1.15887208E8;643576.0;1.65501008E8;122113021;1;1;20171120
1.15891776E8;643811.0;1.38572E8;122113256;1;1;20171120
1.1589076E8;644022.0;4.50472E8;122115401;1;1;20171120
1.15907168E8;644730.0;2.43700992E8;122128287;1;1;20171120
1.15888288E8;644063.0;2.00234E8;122115443;1;1;20171120
1.15884832E8;643891.0;4.65572E8;122113334;1;1;20171120
1.15876696E8;643923.0;3.11368E8;122113366;1;1;20171120
1.158884E8;643682.0;4.6092E8;122113127;1;1;20171120
1.15890304E8;643609.0;1.33425E8;122113054;1;1;20171120
1.15886064E8;643990.0;3.64248992E8;122113431;1;1;20171120
1.15886008E8;643961.0;2.09136E8;122113402;1;1;20171120
1.15883936E8;643948.0;5.7520102E8;122113389;2;2;20171120
1.15910848E8;644601.0;4.54368992E8;122125022;1;1;20171120
1.15883184E8;644072.0;1.19111E8;122115452;1;1;20171120
1.15903752E8;644650.0;5.04194016E8;122128148;1;1;20171120
1.15892616E8;644175.0;3.77153984E8;122115555;1;1;20171120
1.15907128E8;644665.0;9.55552E8;122128163;1;1;20171120
1.15907952E8;644517.0;4.64865984E8;122123979;1;1;20171120
1.1588756E8;643740.0;2.09136E8;122113185;1;1;20171120
1.15917312E8;644870.0;4.07023008E8;122128706;1;1;20171120
1.15884304E8;644115.0;9.0968301E8;122115495;1;1;20171120
1.15881968E8;643976.0;1.91766E8;122113417;1;1;20171120
1.15890064E8;643949.0;4.64534016E8;122113390;1;1;20171120
1.159126E8;644764.0;9.9704499E8;122128321;2;2;20171120
1.15882936E8;643953.0;4.80860992E8;122113394;1;1;20171120
1.1589264E8;643555.0;1.19809E8;122112969;1;1;20171120
1.15912744E8;644654.0;4.06561984E8;122128152;1;1;20171120
1.1588768E8;643810.0;3.54952992E8;122113255;1;1;20171120
1.15898064E8;644817.0;9.0968397E8;122128374;1;1;20171120
1.15907872E8;644395.0;1.35774E8;122121520;1;1;20171120
1.15885928E8;644173.0;5.6984102E8;122115553;1;1;20171120
1.1588656E8;643745.0;4.45023008E8;122113190;1;1;20171120
1.15890808E8;644020.0;1.34602992E8;122115399;1;1;20171120
1.15904656E8;644774.0;1.19103008E8;122128331;1;1;20171120
1.158728E8;644539.0;5.30445984E8;122124045;1;1;20171120
1.14948736E8;644491.0;3.64459008E8;122123953;1;1;20171120
1.159E8;644358.0;1.59794992E8;122116304;1;1;20171120
1.15887024E8;644207.0;1.39168E8;122115587;1;1;20171120
1.1591608E8;644900.0;1.33428E8;122128735;1;1;20171120
1.15918568E8;644896.0;4.03861984E8;122128731;1;1;20171120
1.15915064E8;644858.0;7.9022803E8;122128694;1;1;20171120
2.017112E19;644126.0;9.6159501E8;122115506;1;1;20171120
1.15887456E8;643705.0;3.50661984E8;122113150;1;1;20171120
1.15885072E8;643602.0;4.63499008E8;122113047;1;1;20171120
1.15888072E8;643972.0;2.13708992E8;122113413;1;1;20171120
1.1588716E8;643607.0;3.54879008E8;122113052;1;1;20171120
1.15881632E8;643845.0;8.3511302E8;122113289;1;1;20171120
1.158896E8;643754.0;1.42836E8;122113199;1;1;20171120
1.1591248E8;644691.0;1.007E8;122128195;1;1;20171120
1.15891568E8;643708.0;9.0741101E8;122113153;1;1;20171120
1.15899448E8;644347.0;5.16796E8;122116293;1;1;20171120
2.017112E19;644006.0;4.62728992E8;122115385;1;1;20171120
1.15890304E8;643619.0;5.5899898E8;122113064;1;1;20171120
1.15887312E8;644094.0;8.1958298E8;122115474;8;8;20171120
1.15882304E8;644145.0;8.3511302E8;122115525;1;1;20171120
1.15883184E8;644176.0;4.72941984E8;122115556;1;1;20171120
1.1586584E8;644088.0;1.8535E8;122115468;1;1;20171120
1.15877344E8;643489.0;2.0202E8;122112372;1;1;20171120
1.15889224E8;643596.0;4.40852E8;122113041;1;1;20171120
1.1591244E8;644828.0;6.8362202E8;122128385;1;1;20171120
1.15888976E8;644131.0;8.3511302E8;122115511;1;1;20171120
1.15909984E8;644493.0;6.6298202E8;122123955;1;1;20171120
1.15908464E8;644516.0;1.45772E8;122123978;1;1;20171120
1.15883336E8;644163.0;7.0656E8;122115543;1;1;20171120
1.1590068E8;644355.0;2.34769008E8;122116301;1;1;20171120
1.1591608E8;644898.0;9.3228397E8;122128733;1;1;20171120
1.15889424E8;644130.0;1.6532E8;122115510;1;1;20171120
1.15882192E8;643640.0;8.3228102E8;122113085;1;1;20171120
1.15914816E8;644724.0;1.02937E8;122128281;1;1;20171120
1.15904776E8;644415.0;6.1957997E8;122121540;1;1;20171120
2.017112E19;644174.0;6.70912E8;122115554;1;1;20171120
1.15888648E8;644019.0;1.18114E8;122115398;1;1;20171120
1.15907216E8;644767.0;9.1297299E8;122128324;1;1;20171120
1.15889392E8;644095.0;1.74434992E8;122115475;1;1;20171120
1.15917E8;644882.0;2.41602992E8;122128718;1;1;20171120
1.1590836E8;644489.0;2.1268E8;122123951;1;1;20171120
1.1588988E8;643873.0;4.24511008E8;122113317;1;1;20171120
1.15889968E8;643908.0;4.33292E8;122113351;1;1;20171120
1.15882528E8;644053.0;6.9578701E8;122115433;1;1;20171120
1.15887456E8;644139.0;4.54423008E8;122115519;2;2;20171120
2.017112E19;644823.0;6.5451098E8;122128380;1;1;20171120
1.15899216E8;644710.0;6.2149798E8;122128257;1;1;20171120
1.15891872E8;643847.0;4.44664992E8;122113291;1;1;20171120
1.15910016E8;644742.0;4.45451008E8;122128299;1;1;20171120
1.15889096E8;644192.0;4.59335008E8;122115572;1;1;20171120
1.15884648E8;644026.0;2.57842992E8;122115405;1;1;20171120
1.15891784E8;643803.0;1.18138E8;122113248;1;1;20171120
1.15900176E8;644346.0;1.15775E8;122116292;1;1;20171120
1.15881392E8;644245.0;6.0818202E8;122115625;20;20;20171120
1.159118E8;644746.0;1.0472E8;122128303;1;1;20171120
1.15884696E8;643849.0;4.52749984E8;122113293;1;1;20171120
1.15883528E8;643784.0;1.74433008E8;122113229;1;1;20171120
1.15886128E8;644054.0;8.8552499E8;122115434;1;1;20171120
1.15889304E8;643617.0;2.73389984E8;122113062;1;1;20171120
1.1591148E8;644702.0;3.90927008E8;122128214;1;1;20171120
1.15885928E8;644173.0;5.6992602E8;122115553;1;1;20171120
1.15888872E8;644082.0;9.5735002E8;122115462;1;1;20171120
1.15902888E8;644779.0;3.60449984E8;122128336;1;1;20171120
1.15911544E8;644568.0;9.0465101E8;122124989;1;1;20171120
1.1591024E8;644567.0;2.03240992E8;122124988;1;1;20171120
1.15891664E8;644216.0;4.36136E8;122115596;1;1;20171120
1.15890096E8;644204.0;1.18117E8;122115584;1;1;20171120
1.15914536E8;644662.0;7.0656E8;122128160;1;1;20171120
1.15891568E8;643695.0;4.52755008E8;122113140;1;1;20171120
1.1591088E8;644569.0;9.1257498E8;122124990;1;1;20171120
1.15907136E8;644401.0;8.9627898E8;122121526;1;1;20171120
1.15907968E8;644512.0;3.39340992E8;122123974;1;1;20171120
1.15905928E8;644381.0;1.87832992E8;122119781;1;1;20171120
1.15907928E8;644711.0;6.3592397E8;122128258;1;1;20171120
1.15764144E8;644305.0;5.33339008E8;122115927;1;1;20171120
1.15886056E8;643984.0;8.5731501E8;122113425;1;1;20171120
1.15891752E8;643809.0;4.69433984E8;122113254;1;1;20171120
1.15891344E8;643621.0;9.1259802E8;122113066;1;1;20171120
1.15889864E8;643863.0;5.30628E8;122113307;1;1;20171120
1.15888624E8;644233.0;9.5735002E8;122115613;1;1;20171120
1.15887976E8;644161.0;8.1948301E8;122115541;1;1;20171120
1.15888904E8;643885.0;1.49078992E8;122113329;1;1;20171120
1.1591048E8;644581.0;4.36131008E8;122125002;1;1;20171120
1.15910912E8;644578.0;5.9349299E8;122124999;2;2;20171120
1.15918896E8;644902.0;5.7881901E8;122128737;1;1;20171120
1.1589204E8;643915.0;8.9765402E8;122113358;1;1;20171120
1.15904128E8;644332.0;9.1212E8;122116278;1;1;20171120
1.1588472E8;643861.0;4.53631008E8;122113305;1;1;20171120
1.15910864E8;644807.0;7.4909901E8;122128364;1;1;20171120
1.15884952E8;643942.0;1.57378E8;122113383;1;1;20171120
1.15890472E8;643710.0;1.85346E8;122113155;1;1;20171120
1.15897568E8;644250.0;7.4802298E8;122115640;1;1;20171120
1.1588192E8;643985.0;4.17656E8;122113426;1;1;20171120
1.15885896E8;643922.0;2.09139008E8;122113365;1;1;20171120
1.15882024E8;643564.0;1.18647E8;122113009;1;1;20171120
1.15889224E8;644014.0;1.54852992E8;122115393;1;1;20171120
1.158966E8;644003.0;4.81611008E8;122115369;1;1;20171120
1.15901824E8;644740.0;9.0430099E8;122128297;1;1;20171120
1.15890616E8;644195.0;5.04148992E8;122115575;1;1;20171120
1.15891936E8;644092.0;1.86952992E8;122115472;1;1;20171120
1.15910544E8;644599.0;3.60449984E8;122125020;1;1;20171120
1.15912344E8;644815.0;5.6406298E8;122128372;1;1;20171120
1.15885696E8;643840.0;7.4915501E8;122113284;1;1;20171120
1.15881144E8;644108.0;2.21686E8;122115488;1;1;20171120
1.15900168E8;644348.0;1.85146E8;122116294;1;1;20171120
1.158848E8;643897.0;5.6541997E8;122113340;1;1;20171120
1.15888064E8;643966.0;3.38370016E8;122113407;1;1;20171120
1.15890912E8;643882.0;3.07174016E8;122113326;1;1;20171120
1.15887312E8;643648.0;2.00692E8;122113093;1;1;20171120
1.15856064E8;644372.0;5.7198099E8;122116318;7;7;20171120
1.1591572E8;644888.0;9.0465197E8;122128723;1;1;20171120
1.15907208E8;644750.0;5.02576E8;122128307;1;1;20171120
1.15907872E8;644400.0;1.86952992E8;122121525;1;1;20171120
1.15886128E8;643659.0;1.35774E8;122113104;1;1;20171120
1.15554792E8;644351.0;3.64788992E8;122116297;1;1;20171120
1.15892064E8;644147.0;1.06462E8;122115527;1;1;20171120
1.15886688E8;643818.0;4.18016992E8;122113263;1;1;20171120
1.158916E8;644214.0;1.51222E8;122115594;1;1;20171120
1.15890808E8;643827.0;3.54820992E8;122113272;1;1;20171120
1.15882696E8;644073.0;3.39815008E8;122115453;1;1;20171120
1.15883568E8;644021.0;1.36342992E8;122115400;1;1;20171120
1.15888056E8;643965.0;5.78608E8;122113406;1;1;20171120
1.15912752E8;644718.0;6.3885101E8;122128267;1;1;20171120
1.1591152E8;644745.0;1.1977E8;122128302;1;1;20171120
1.15899536E8;644756.0;3.91284992E8;122128313;1;1;20171120
1.15882496E8;644029.0;4.61976E8;122115408;1;1;20171120
1.15889872E8;643862.0;5.9349299E8;122113306;1;1;20171120
1.15886984E8;643937.0;4.65572E8;122113380;1;1;20171120
1.15889584E8;643729.0;1.41086E8;122113174;1;1;20171120
1.15910648E8;644830.0;1.06462E8;122128387;2;2;20171120
1.15891408E8;644086.0;2.57842992E8;122115466;1;1;20171120
1.15884792E8;643902.0;9.7119398E8;122113345;1;1;20171120
1.15887744E8;643831.0;3.84455008E8;122113276;1;1;20171120
1.158854E8;643681.0;3.76071008E8;122113126;1;1;20171120
1.15886512E8;644206.0;4.50128E8;122115586;1;1;20171120
1.15908192E8;644519.0;8.3961299E8;122123981;1;1;20171120
1.15910704E8;644602.0;7.3907098E8;122125023;1;1;20171120
1.15892672E8;644189.0;1.18103E8;122115569;1;1;20171120
1.15882472E8;643764.0;4.65572E8;122113209;1;1;20171120
1.1588528E8;643631.0;9.5637299E8;122113076;1;1;20171120
1.15887408E8;643677.0;4.65572E8;122113122;1;1;20171120
1.15883504E8;644235.0;4.50124E8;122115615;1;1;20171120
1.1588508E8;643561.0;4.52755008E8;122113006;1;1;20171120
1.15914672E8;644784.0;4.36216992E8;122128341;1;1;20171120
1.15897808E8;644302.0;3.39815008E8;122115876;1;1;20171120
1.15898064E8;644279.0;8.9627898E8;122115853;1;1;20171120
1.1588812E8;643979.0;1.03391E8;122113420;1;1;20171120
1.1591272E8;644675.0;3.11368E8;122128173;1;1;20171120
1.15907232E8;644390.0;2.41602992E8;122121515;1;1;20171120
1.15904144E8;644365.0;9.8482003E8;122116311;1;1;20171120
1.1588164E8;643855.0;8.0242298E8;122113299;1;1;20171120
2.017112E19;644573.0;4.36220992E8;122124994;1;1;20171120
1.15914416E8;644881.0;1.02937E8;122128717;1;1;20171120
1.15905984E8;644791.0;8.8552499E8;122128348;2;2;20171120
1.158916E8;644217.0;8.6249702E8;122115597;1;1;20171120
1.15882688E8;643879.0;9.3236102E8;122113323;1;1;20171120
1.15881832E8;644172.0;1.64784992E8;122115552;1;1;20171120
1.15892584E8;644158.0;2.0202E8;122115538;1;1;20171120
1.15902792E8;644357.0;4.64100992E8;122116303;1;1;20171120
1.1588636E8;643676.0;7.9533798E8;122113121;1;1;20171120
2.017112E19;644829.0;1.8535E8;122128386;1;1;20171120
1.15914648E8;644768.0;3.97573984E8;122128325;1;1;20171120
1.15887968E8;644155.0;1.34966E8;122115535;1;1;20171120
1.15881664E8;643866.0;1.42808E8;122113310;1;1;20171120
1.158888E8;643852.0;4.17942016E8;122113296;1;1;20171120
1.15888944E8;643910.0;9.6443398E8;122113353;1;1;20171120
1.15888296E8;643665.0;1.79064E8;122113110;1;1;20171120
1.15889256E8;644008.0;6.3376698E8;122115387;1;1;20171120
1.15917736E8;644885.0;3.68633984E8;122128721;1;1;20171120
1.15887064E8;644211.0;3.91284992E8;122115591;1;1;20171120
1.15885896E8;644138.0;5.8875302E8;122115518;1;1;20171120
1.1588992E8;643886.0;3.97953984E8;122113330;1;1;20171120
1.1588288E8;643933.0;3.68633984E8;122113376;1;1;20171120
1.1588768E8;643798.0;4.65572E8;122113243;1;1;20171120
2.017112E19;643957.0;2.09136E8;122113398;1;1;20171120
1.15023728E8;644282.0;8.8552499E8;122115856;1;1;20171120
1.15890832E8;644071.0;1.19168E8;122115451;1;1;20171120
1.158838E8;643900.0;4.94587008E8;122113343;1;1;20171120
1.1588948E8;644164.0;4.68315008E8;122115544;1;1;20171120
1.15884992E8;644193.0;8.9765402E8;122115573;1;1;20171120
1.15911816E8;644597.0;4.39028992E8;122125018;1;1;20171120
1.15897984E8;644289.0;5.9349299E8;122115863;1;1;20171120
1.15886904E8;643941.0;1.78159008E8;122113382;3;3;20171120
1.15889688E8;643793.0;2.94709984E8;122113238;1;1;20171120
1.15912536E8;644713.0;8.3511302E8;122128261;1;1;20171120
1.1588572E8;643848.0;4.39028992E8;122113292;1;1;20171120
1.15918928E8;644884.0;5.78608E8;122128720;1;1;20171120
1.1573824E8;644566.0;2.09137008E8;122124166;1;1;20171120
1.15917032E8;644889.0;1.29305E8;122128724;1;1;20171120
1.15897808E8;644810.0;3.39824E8;122128367;2;2;20171120
1.15906368E8;644398.0;2.09136E8;122121523;1;1;20171120
1.15892576E8;643687.0;3.39813984E8;122113132;1;1;20171120
1.15904536E8;644353.0;5.63224E8;122116299;1;1;20171120
1.15904112E8;644367.0;5.30469984E8;122116313;1;1;20171120
1.15905912E8;644744.0;8.3511302E8;122128301;1;1;20171120
1.15856064E8;644371.0;1.47968E8;122116317;3;3;20171120
1.15890696E8;643782.0;1.58575008E8;122113227;1;1;20171120
2.0171117E19;643566.0;7.5901197E8;122113011;1;1;20171120
1.1590452E8;644338.0;4.52749984E8;122116284;1;1;20171120
1.15904656E8;644765.0;1.34966E8;122128322;1;1;20171120
1.15890752E8;643806.0;9.1247597E8;122113251;1;1;20171120
1.15889528E8;643723.0;4.07023008E8;122113168;1;1;20171120
1.1588744E8;643696.0;4.45023008E8;122113141;1;1;20171120
1.15816584E8;643496.0;1.09963E8;122112677;1;1;20171120
1.15891872E8;643850.0;1.65774E8;122113294;2;2;20171120
2.017112E19;643807.0;8.3703802E8;122113252;1;1;20171120
1.15888872E8;643878.0;5.9349299E8;122113322;1;1;20171120
1.15887472E8;644171.0;5.5900198E8;122115551;1;1;20171120
1.15892224E8;643986.0;9.3049702E8;122113427;1;1;20171120
1.15881392E8;644237.0;5.8875098E8;122115617;2;2;20171120
1.15886576E8;643772.0;5.9349299E8;122113217;1;1;20171120
1.15884576E8;643790.0;1.34718E8;122113235;1;1;20171120
1.1588872E8;643813.0;2.08604992E8;122113258;1;1;20171120
1.15911808E8;644752.0;4.07023008E8;122128309;1;1;20171120
1.15912488E8;644681.0;2.31133008E8;122128179;1;1;20171120
1.15890112E8;643969.0;6.4315302E8;122113410;1;1;20171120
1.15889832E8;644076.0;1.58966016E8;122115456;1;1;20171120
1.15908304E8;644496.0;4.53631008E8;122123958;2;2;20171120
1.15892536E8;644280.0;3.39824E8;122115854;1;1;20171120
1.15910776E8;644737.0;5.7860102E8;122128294;1;1;20171120
1.15891296E8;643579.0;9.0406099E8;122113024;1;1;20171120
1.15907936E8;644505.0;8.3511302E8;122123967;1;1;20171120
1.1587276E8;643532.0;1.44328E8;122112928;1;1;20171120
1.15888072E8;644219.0;3.91676992E8;122115599;1;1;20171120
1.15891864E8;644060.0;6.2152998E8;122115440;3;3;20171120
1.15917312E8;644872.0;2.51706E8;122128708;1;1;20171120
1.15912496E8;644688.0;8.9048301E8;122128189;1;1;20171120
1.15887968E8;644150.0;1.39958E8;122115530;1;1;20171120
1.15884784E8;643907.0;4.51811008E8;122113350;1;1;20171120
1.15884664E8;643834.0;7.0656E8;122113278;1;1;20171120
1.15887424E8;644151.0;8.3228102E8;122115531;1;1;20171120
1.15887768E8;644038.0;5.3721901E8;122115417;1;1;20171120
1.1591484E8;644723.0;1.19732E8;122128280;1;1;20171120
1.15914224E8;644824.0;1.28892E8;122128381;1;1;20171120
1.15890448E8;644135.0;1.53334992E8;122115515;1;1;20171120
1.158966E8;644002.0;4.48972E8;122115368;1;1;20171120
1.15883928E8;643945.0;2.54896E8;122113386;1;1;20171120
1.158994E8;644369.0;1.18115E8;122116315;4;4;20171120
1.15888536E8;644248.0;8.57368E8;122115633;1;1;20171120
1.15888808E8;644070.0;1.30290008E8;122115450;1;1;20171120
1.15899224E8;644366.0;2.82635008E8;122116312;1;1;20171120
1.15889224E8;643574.0;4.44666016E8;122113019;1;1;20171120
1.15908032E8;644822.0;2.0202E8;122128379;1;1;20171120
1.15881952E8;643977.0;1.21113E8;122113418;1;1;20171120
1.1591244E8;644825.0;4.36131008E8;122128382;2;2;20171120
1.15899448E8;644347.0;1.33651E8;122116293;1;1;20171120
1.15890128E8;643967.0;4.69433984E8;122113408;1;1;20171120
1.15887592E8;643759.0;5.5089197E8;122113204;1;1;20171120
1.15891424E8;643630.0;9.0968397E8;122113075;1;1;20171120
1.1589264E8;643769.0;4.04276992E8;122113214;1;1;20171120
1.1591248E8;644672.0;3.42182016E8;122128170;1;1;20171120
1.15910272E8;644577.0;2.28906E8;122124998;1;1;20171120
1.1591892E8;644894.0;9.51848E8;122128729;1;1;20171120
1.1590596E8;644384.0;9.6571802E8;122121509;1;1;20171120
1.15880984E8;644033.0;2.94711008E8;122115412;1;1;20171120
1.1588948E8;643694.0;1.41082992E8;122113139;1;1;20171120
1.15890136E8;644221.0;1.78498992E8;122115601;1;1;20171120
1.15882632E8;644048.0;7.4926099E8;122115427;1;1;20171120
1.15888504E8;643718.0;7.28016E8;122113163;1;1;20171120
1.15914864E8;644733.0;1.41082992E8;122128290;1;1;20171120
1.15891704E8;644236.0;7.4382899E8;122115616;1;1;20171120
1.15889048E8;643944.0;2.09136E8;122113385;1;1;20171120
1.158824E8;643721.0;9.3900499E8;122113166;1;1;20171120
1.15907168E8;644725.0;1.18117E8;122128282;1;1;20171120
1.15907144E8;644726.0;3.39340992E8;122128283;1;1;20171120
2.017112E19;643817.0;8.9048301E8;122113262;1;1;20171120
1.15887784E8;643875.0;1.59730992E8;122113319;1;1;20171120
1.15889352E8;643637.0;9.2748698E8;122113082;1;1;20171120
1.15901064E8;644386.0;4.16340992E8;122121511;1;1;20171120
1.15892664E8;644239.0;6.2667398E8;122115619;3;3;20171120
1.15886064E8;643991.0;1.34550992E8;122113432;1;1;20171120
1.15888888E8;643903.0;3.71103008E8;122113346;1;1;20171120
1.15905296E8;644664.0;8.9627898E8;122128162;1;1;20171120
1.15910824E8;644802.0;5.8285402E8;122128359;1;1;20171120
1.15882016E8;643559.0;4.65572E8;122113004;1;1;20171120
1.15914992E8;644866.0;1.71824992E8;122128702;1;1;20171120
1.15898064E8;644340.0;4.40785984E8;122116286;1;1;20171120
1.15886752E8;644065.0;7.0656E8;122115445;1;1;20171120
1.15918896E8;644903.0;3.60283008E8;122128738;2;2;20171120
1.15908384E8;644492.0;9.5640499E8;122123954;5;5;20171120
1.15886592E8;643780.0;5.8503501E8;122113225;1;1;20171120
1.15892632E8;644198.0;2.43276992E8;122115578;1;1;20171120
1.15884488E8;644223.0;4.75398016E8;122115603;1;1;20171120
1.1588696E8;643916.0;8.3511302E8;122113359;1;1;20171120
1.1588256E8;643797.0;9.4918298E8;122113242;1;1;20171120
1.15911344E8;644574.0;9.8651002E8;122124995;1;1;20171120
2.017112E19;644197.0;1.34964992E8;122115577;1;1;20171120
1.15890464E8;644124.0;8.9765402E8;122115504;1;1;20171120
2.017112E19;643954.0;7.5631699E8;122113395;1;1;20171120
1.15905904E8;644743.0;1.18171E8;122128300;1;1;20171120
2.017112E19;644285.0;3.60283008E8;122115859;1;1;20171120
1.15881704E8;643869.0;1.0472E8;122113313;1;1;20171120
1.15911832E8;644798.0;8.1012698E8;122128355;1;1;20171120
1.15910096E8;644494.0;1.8535E8;122123956;1;1;20171120
1.15892336E8;644027.0;8.9627898E8;122115406;1;1;20171120
1.15312256E8;644251.0;6.6107699E8;122115645;1;1;20171120
1.15363688E8;643914.0;2.0914E8;122113357;1;1;20171120
1.15892696E8;643995.0;5.9349299E8;122115344;1;1;20171120
1.15907208E8;644388.0;1.19809E8;122121513;1;1;20171120
1.1591252E8;644712.0;1.33355008E8;122128260;1;1;20171120
1.15886616E8;643802.0;3.09602016E8;122113247;1;1;20171120
1.15910232E8;644603.0;7.0027002E8;122125024;1;1;20171120
1.15904144E8;644361.0;1.74166992E8;122116307;1;1;20171120
1.15912872E8;644780.0;8.3511302E8;122128337;1;1;20171120
1.15912464E8;644660.0;1.6532E8;122128158;1;1;20171120
1.15905976E8;644404.0;1.0472E8;122121529;1;1;20171120
1.15883928E8;644188.0;8.3511302E8;122115568;1;1;20171120
1.15917032E8;644857.0;3.3934E8;122128693;1;1;20171120
1.15901128E8;644350.0;1.0727E8;122116296;1;1;20171120
1.15887088E8;644243.0;8.9048E8;122115623;1;1;20171120
1.15908976E8;644524.0;4.06996E8;122123986;2;2;20171120
1.15882064E8;644062.0;4.59276992E8;122115442;1;1;20171120
1.1591248E8;644696.0;5.5630099E8;122128206;1;1;20171120
1.15880984E8;644058.0;4.45451008E8;122115438;1;1;20171120
1.15889816E8;644056.0;9.0969299E8;122115436;1;1;20171120
1.15889448E8;643684.0;1.03391E8;122113129;1;1;20171120
1.15882504E8;644059.0;5.8280499E8;122115439;1;1;20171120
1.1588768E8;644032.0;3.11367008E8;122115411;1;1;20171120
1.15904168E8;644793.0;1.58344E8;122128350;1;1;20171120
1.15890568E8;644196.0;4.10535008E8;122115576;1;1;20171120
1.15891712E8;643778.0;4.44666016E8;122113223;2;2;20171120
1.15891432E8;643635.0;1.98694E8;122113080;1;1;20171120
1.15886344E8;643669.0;1.18106E8;122113114;1;1;20171120
1.15890576E8;643733.0;9.1935398E8;122113178;1;1;20171120
1.1589196E8;644084.0;8.9765402E8;122115464;1;1;20171120
1.15881536E8;643791.0;9.0465101E8;122113236;1;1;20171120
1.15901608E8;644800.0;4.04276992E8;122128357;1;1;20171120
2.017112E19;643993.0;1.85772E8;122115342;1;1;20171120
1.15886368E8;643680.0;1.49078992E8;122113125;1;1;20171120
1.1591276E8;644704.0;1.42132E8;122128251;1;1;20171120
1.1588192E8;643985.0;4.18036992E8;122113426;1;1;20171120
1.15892056E8;643911.0;2.57842992E8;122113354;1;1;20171120
1.15901056E8;644356.0;8.8552499E8;122116302;1;1;20171120
1.15892088E8;644182.0;8.9627898E8;122115562;1;1;20171120
1.15912496E8;644621.0;8.6498502E8;122125109;2;2;20171120
1.15885888E8;643921.0;3.6446E8;122113364;1;1;20171120
1.15885944E8;643920.0;4.44666016E8;122113363;1;1;20171120
1.15892184E8;643974.0;1.06805E8;122113415;1;1;20171120
1.15892176E8;644210.0;1.3029E8;122115590;1;1;20171120
1.15915696E8;644860.0;8.5734202E8;122128696;1;1;20171120
1.15908304E8;644808.0;7.4909798E8;122128365;1;1;20171120
1.15886128E8;643638.0;4.63072E8;122113083;1;1;20171120
1.15886328E8;643709.0;1.22765E8;122113154;1;1;20171120
1.15908976E8;644498.0;3.63285984E8;122123960;1;1;20171120
2.017112E19;643819.0;5.6541997E8;122113264;1;1;20171120
1.15881464E8;644229.0;4.59276E8;122115609;1;1;20171120
1.15887344E8;644098.0;1.18105E8;122115478;1;1;20171120
1.15886784E8;643874.0;9.1212E8;122113318;1;1;20171120
1.15910056E8;644788.0;4.62732E8;122128345;1;1;20171120
1.1588684E8;644110.0;4.59276E8;122115490;1;1;20171120
1.15869664E8;644218.0;1.0472E8;122115598;1;1;20171120
1.15917016E8;644867.0;1.24448E8;122128703;1;1;20171120
1.15912744E8;644673.0;5.28584992E8;122128171;1;1;20171120
1.158916E8;644217.0;8.6249702E8;122115597;1;1;20171120
1.15884552E8;644039.0;6.5445101E8;122115418;1;1;20171120
1.15912344E8;644815.0;5.6409299E8;122128372;1;1;20171120
1.15886992E8;643959.0;1.38382992E8;122113400;1;1;20171120
1.15907912E8;644490.0;2.94711008E8;122123952;1;1;20171120
1.15892664E8;644239.0;6.26672E8;122115619;2;2;20171120
1.1588468E8;644023.0;2.29679008E8;122115402;1;1;20171120
1.15886192E8;643598.0;4.44666016E8;122113043;1;1;20171120
1.15911896E8;644816.0;2.94711008E8;122128373;1;1;20171120
1.1591488E8;644753.0;5.30469984E8;122128310;1;1;20171120
1.15908944E8;644716.0;1.54866E8;122128265;1;1;20171120
1.15879728E8;643898.0;2.09134E8;122113341;1;1;20171120
1.15891488E8;643675.0;9.8657702E8;122113120;1;1;20171120
1.15912256E8;644692.0;3.60196992E8;122128199;1;1;20171120
1.15881408E8;643744.0;1.04422E8;122113189;1;1;20171120
1.15899176E8;644652.0;1.18103E8;122128150;1;1;20171120
1.15889792E8;643837.0;1.6563E8;122113281;1;1;20171120
1.15907616E8;644383.0;7.8494701E8;122120515;1;1;20171120
1.15886048E8;643980.0;2.73392E8;122113421;3;3;20171120
1.1588716E8;643589.0;4.36217984E8;122113034;1;1;20171120
1.15908288E8;644805.0;3.11367008E8;122128362;1;1;20171120
1.15911936E8;644653.0;2.09135008E8;122128151;1;1;20171120
1.15888352E8;644093.0;1.33698E8;122115473;1;1;20171120
1.15887728E8;643856.0;9.7551898E8;122113300;1;1;20171120
1.15910864E8;644812.0;1.18169E8;122128369;1;1;20171120
1.15881616E8;643838.0;9.3879501E8;122113282;1;1;20171120
1.15906368E8;644393.0;9.89048E8;122121518;1;1;20171120
1.15884464E8;644203.0;8.9765402E8;122115583;1;1;20171120
1.15886704E8;643821.0;4.39052992E8;122113266;1;1;20171120
1.15904184E8;644783.0;1.06462E8;122128340;1;1;20171120
1.1588376E8;644091.0;6.8677498E8;122115471;1;1;20171120
1.158896E8;643724.0;4.65572E8;122113169;1;1;20171120
1.15891888E8;643880.0;2.09139008E8;122113324;1;1;20171120
1.15882912E8;643947.0;5.30469984E8;122113388;1;1;20171120
1.1591588E8;644876.0;9.0430502E8;122128712;1;1;20171120
1.15885664E8;644005.0;3.60283008E8;122115384;1;1;20171120
1.15882712E8;643864.0;9.5637299E8;122113308;1;1;20171120
1.15887752E8;644042.0;2.38486992E8;122115421;1;1;20171120
1.15886856E8;643895.0;1.33355008E8;122113338;1;1;20171120
1.15917352E8;644862.0;8.3961299E8;122128698;1;1;20171120
1.1588172E8;644087.0;1.54846992E8;122115467;1;1;20171120
1.15897584E8;644254.0;9.5635699E8;122115658;1;1;20171120
1.15890568E8;644196.0;4.10538016E8;122115576;1;1;20171120
1.15884944E8;644186.0;5.6700198E8;122115566;1;1;20171120
1.15912432E8;644814.0;8.9048301E8;122128371;1;1;20171120
1.15911824E8;644606.0;2.99878016E8;122125027;1;1;20171120
1.15887728E8;644030.0;4.50472E8;122115409;1;1;20171120
1.15886776E8;644105.0;4.49936992E8;122115485;1;1;20171120
1.15889384E8;643655.0;6.0066899E8;122113100;1;1;20171120
1.15910872E8;644809.0;1.85336992E8;122128366;1;1;20171120
1.15907368E8;644686.0;8.3511302E8;122128187;1;1;20171120
1.15911504E8;644605.0;4.63868992E8;122125026;1;1;20171120
1.15905288E8;644405.0;1.8535E8;122121530;1;1;20171120
1.15914808E8;644678.0;1.85336992E8;122128176;1;1;20171120
1.15892584E8;643706.0;2.40542992E8;122113151;1;1;20171120
1.15892496E8;643678.0;4.65572E8;122113123;1;1;20171120
1.15897736E8;644303.0;9.55552E8;122115877;1;1;20171120
1.158984E8;644690.0;5.02576E8;122128194;1;1;20171120
1.15890648E8;643737.0;4.36216992E8;122113182;1;1;20171120
1.15914048E8;644695.0;3.53364992E8;122128204;1;1;20171120
1.1588628E8;643636.0;1.1818E8;122113081;1;1;20171120
1.159186E8;644883.0;2.03240992E8;122128719;1;1;20171120
1.15904176E8;644789.0;3.39828E8;122128346;1;1;20171120
1.15888288E8;644068.0;4.59276E8;122115448;1;1;20171120
1.15882536E8;643800.0;6.8122099E8;122113245;1;1;20171120
1.15889248E8;643580.0;5.9349299E8;122113025;1;1;20171120
1.15912736E8;644693.0;1.84938E8;122128202;1;1;20171120
1.15911768E8;644598.0;6.3782502E8;122125019;1;1;20171120
2.017112E19;644199.0;1.66026E8;122115579;1;1;20171120
1.15882064E8;644057.0;4.49956992E8;122115437;1;1;20171120
1.1588392E8;643938.0;9.5635597E8;122113381;1;1;20171120
1.15891952E8;643881.0;1.42836E8;122113325;1;1;20171120
1.15888248E8;643605.0;1.007E8;122113050;1;1;20171120
1.15888976E8;644140.0;2.00234E8;122115520;1;1;20171120
1.15884896E8;643924.0;8.8023898E8;122113367;1;1;20171120
1.15910208E8;644709.0;6.3884902E8;122128256;1;1;20171120
1.15907888E8;644508.0;1.0472E8;122123970;1;1;20171120
1.15903304E8;644345.0;5.5630202E8;122116291;1;1;20171120
1.15884704E8;644109.0;3.93815008E8;122115489;1;1;20171120
1.15911984E8;644701.0;2.99878016E8;122128213;2;2;20171120
1.15912728E8;644667.0;5.3844902E8;122128165;1;1;20171120
2.017112E19;643996.0;2.52236E8;122115346;1;1;20171120
1.15881424E8;643739.0;4.52755008E8;122113184;1;1;20171120
1.15907536E8;644399.0;1.18172E8;122121524;1;1;20171120
1.15891808E8;643816.0;4.18016E8;122113261;1;1;20171120
1.1588716E8;643606.0;2.09135008E8;122113051;1;1;20171120
1.15897992E8;644283.0;4.64612992E8;122115857;1;1;20171120
1.15891368E8;644064.0;2.0202E8;122115444;1;1;20171120
1.1589264E8;643773.0;4.48776E8;122113218;1;1;20171120
1.15887232E8;643611.0;5.9349299E8;122113056;1;1;20171120
1.15910792E8;644761.0;3.11367008E8;122128318;1;1;20171120
1.15910688E8;644680.0;1.51703008E8;122128178;1;1;20171120
1.15887776E8;643846.0;1.54854992E8;122113290;1;1;20171120
1.1590888E8;644661.0;6.9578202E8;122128159;1;1;20171120
1.15905968E8;644785.0;8.6498502E8;122128342;1;1;20171120
1.15886688E8;643818.0;4.44666016E8;122113263;1;1;20171120
1.15886032E8;643987.0;6.8004602E8;122113428;1;1;20171120
1.15889328E8;643645.0;2.1371E8;122113090;1;1;20171120
1.15890632E8;643752.0;1.05098E8;122113197;1;1;20171120
1.15886144E8;643570.0;1.07273E8;122113015;1;1;20171120
1.15910128E8;644571.0;8.4540301E8;122124992;1;1;20171120
1.15887296E8;644106.0;8.9677299E8;122115486;1;1;20171120
1.15885008E8;643964.0;2.57842992E8;122113405;2;2;20171120
1.15904104E8;644738.0;7.5175098E8;122128295;1;1;20171120
1.1590376E8;644344.0;4.65690016E8;122116290;1;1;20171120
1.15891904E8;644075.0;8.9627898E8;122115455;2;2;20171120
1.15880728E8;643890.0;5.9349299E8;122113333;1;1;20171120
1.158832E8;643654.0;1.28255E8;122113099;2;2;20171120
1.15891456E8;644114.0;1.58328992E8;122115494;1;1;20171120
1.1589216E8;643971.0;9.4203802E8;122113412;1;1;20171120
1.1589216E8;643971.0;9.4203699E8;122113412;1;1;20171120
1.15902528E8;644342.0;1.0472E8;122116288;1;1;20171120
1.15884888E8;643912.0;1.35774E8;122113355;1;1;20171120
1.15886264E8;643634.0;9.0465197E8;122113079;1;1;20171120
1.15885736E8;643872.0;1.58318E8;122113316;1;1;20171120
1.15910816E8;644782.0;6.3592397E8;122128339;1;1;20171120
1.15889464E8;643714.0;7.4462202E8;122113159;1;1;20171120
1.15882216E8;643651.0;1.0472E8;122113096;1;1;20171120
1.15917752E8;644901.0;8.9047802E8;122128736;1;1;20171120
1.15886656E8;643804.0;4.49728992E8;122113249;1;1;20171120
1.15889112E8;644215.0;5.7944397E8;122115595;1;1;20171120
1.15911528E8;644719.0;1.85336992E8;122128274;1;1;20171120
1.15896992E8;644247.0;8.8443398E8;122115630;1;1;20171120
1.15908376E8;644659.0;1.54854992E8;122128157;1;1;20171120
1.15890272E8;644025.0;1.77576E8;122115404;1;1;20171120
1.15891696E8;643768.0;3.63285984E8;122113213;1;1;20171120
1.15901096E8;644333.0;9.0465101E8;122116279;1;1;20171120
1.158906E8;643762.0;2.73392E8;122113207;1;1;20171120
1.15886504E8;643742.0;3.53848992E8;122113187;1;1;20171120
1.15888272E8;643613.0;4.01135008E8;122113058;1;1;20171120
1.15901088E8;644813.0;1.8535E8;122128370;1;1;20171120
1.15886456E8;643717.0;9.6372102E8;122113162;1;1;20171120
1.15884488E8;644223.0;4.75394016E8;122115603;1;1;20171120
1.15884392E8;643686.0;2.34308992E8;122113131;1;1;20171120
1.15891344E8;644051.0;6.3592397E8;122115431;1;1;20171120
1.15889584E8;643741.0;5.34828E8;122113186;1;1;20171120
1.15884328E8;643685.0;1.0472E8;122113130;1;1;20171120
1.15887808E8;643860.0;3.82677984E8;122113304;1;1;20171120
1.15882472E8;643765.0;8.6700902E8;122113210;1;1;20171120
1.15884528E8;644242.0;7.4801101E8;122115622;1;1;20171120
1.15888296E8;643664.0;3.64249984E8;122113109;1;1;20171120
1.15890448E8;644142.0;1.19179E8;122115522;1;1;20171120
1.15905504E8;644826.0;4.49955008E8;122128383;1;1;20171120
1.15904104E8;644518.0;6.0068301E8;122123980;1;1;20171120
1.1591272E8;644670.0;4.16340992E8;122128168;1;1;20171120
1.15912416E8;644806.0;1.19731E8;122128363;1;1;20171120
1.15889232E8;643562.0;1.007E8;122113007;1;1;20171120
1.15887712E8;643814.0;9.3532397E8;122113259;1;1;20171120
1.15885376E8;643712.0;4.44666016E8;122113157;1;1;20171120
1.15881888E8;644194.0;6.21528E8;122115574;16;16;20171120
1.15889352E8;644129.0;4.59022016E8;122115509;1;1;20171120
1.158834E8;643720.0;1.65799008E8;122113165;1;1;20171120
1.15889488E8;643701.0;2.13712992E8;122113146;1;1;20171120
1.159128E8;644836.0;2.99904992E8;122128512;1;1;20171120
1.15908176E8;644717.0;7.2414803E8;122128266;1;1;20171120
1.15885344E8;643692.0;9.0968301E8;122113137;1;1;20171120
1.15907608E8;644697.0;7.48024E8;122128208;1;1;20171120
1.15897944E8;644284.0;3.64368992E8;122115858;1;1;20171120
2.017112E19;644657.0;6.9579002E8;122128155;1;1;20171120
1.1591184E8;644593.0;8.3961299E8;122125014;1;1;20171120
1.15882344E8;644160.0;4.59276032E8;122115540;1;1;20171120
1.1588516E8;644013.0;6.2151802E8;122115392;1;1;20171120
1.1591132E8;644572.0;4.16340992E8;122124993;1;1;20171120
1.1588936E8;643632.0;4.70715008E8;122113077;1;1;20171120
1.15892016E8;644141.0;1.36004E8;122115521;1;1;20171120
1.15876824E8;643968.0;8.57368E8;122113409;1;1;20171120
1.1588408E8;643603.0;6.8122099E8;122113048;1;1;20171120
1.15910688E8;644655.0;8.9627898E8;122128153;1;1;20171120
1.158906E8;644202.0;8.1952998E8;122115582;1;1;20171120
1.15889672E8;643783.0;1.03391E8;122113228;1;1;20171120
1.15913592E8;644735.0;4.65100992E8;122128292;1;1;20171120
1.15881184E8;644107.0;9.5630298E8;122115487;2;2;20171120
1.15892664E8;644239.0;6.2667802E8;122115619;4;4;20171120
1.159108E8;644769.0;8.3511302E8;122128326;1;1;20171120
1.15890112E8;643960.0;4.36217984E8;122113401;1;1;20171120
1.15884784E8;643896.0;4.32106016E8;122113339;1;1;20171120
1.15883056E8;643595.0;1.14477E8;122113040;1;1;20171120
1.15910024E8;644771.0;3.77156E8;122128328;1;1;20171120
1.1590784E8;644507.0;4.16340992E8;122123969;1;1;20171120
1.15890592E8;643722.0;3.76073984E8;122113167;1;1;20171120
1.15892144E8;643930.0;8.9765402E8;122113373;1;1;20171120
1.15911984E8;644607.0;4.45036992E8;122125053;1;1;20171120
1.15910656E8;644589.0;2.6616E8;122125010;1;1;20171120
1.15856064E8;644370.0;1.38384992E8;122116316;5;5;20171120
1.15890616E8;643753.0;3.80251008E8;122113198;1;1;20171120
1.15915056E8;644861.0;7.4248698E8;122128697;1;1;20171120
1.1591076E8;644580.0;2.08604992E8;122125001;1;1;20171120
1.15883736E8;643870.0;5.6757702E8;122113314;1;1;20171120
1.15918944E8;644863.0;1.87834992E8;122128699;1;1;20171120
1.15911856E8;644818.0;7.4383597E8;122128375;1;1;20171120
1.15880736E8;644127.0;3.39340992E8;122115507;1;1;20171120
1.15908096E8;644831.0;1.18103E8;122128388;2;2;20171120
1.1591152E8;644745.0;4.48732992E8;122128302;1;1;20171120
1.15887448E8;643679.0;4.65100992E8;122113124;1;1;20171120
1.15892664E8;644239.0;6.2667501E8;122115619;4;4;20171120
1.1590792E8;644706.0;4.36131008E8;122128253;1;1;20171120
1.1588148E8;643781.0;1.78242E8;122113226;3;3;20171120
1.158892E8;643578.0;4.16188992E8;122113023;1;1;20171120
1.15911888E8;644804.0;1.8937E8;122128361;1;1;20171120
1.15904184E8;644330.0;3.60449984E8;122116032;1;1;20171120
1.15887632E8;643792.0;3.38370016E8;122113237;1;1;20171120
1.15902792E8;644357.0;4.64090016E8;122116303;1;1;20171120
1.15885592E8;643786.0;9.0465197E8;122113231;1;1;20171120
1.1589064E8;643748.0;5.34804992E8;122113193;1;1;20171120
1.1591552E8;644899.0;4.33292E8;122128734;1;1;20171120
1.15901088E8;644775.0;1.84918E8;122128332;1;1;20171120
1.1588468E8;643830.0;9.1158797E8;122113275;2;2;20171120
1.1590716E8;644416.0;1.35808E8;122121541;1;1;20171120
1.15887752E8;644042.0;2.38486E8;122115421;1;1;20171120
1.15882528E8;643788.0;2.09136E8;122113233;1;1;20171120
1.15909488E8;644751.0;4.62732E8;122128308;1;1;20171120
1.15900184E8;644363.0;7.2810099E8;122116309;1;1;20171120
1.1588192E8;643985.0;4.18062016E8;122113426;1;1;20171120
1.15883848E8;643918.0;4.57999008E8;122113361;1;1;20171120
1.15881912E8;643958.0;2.09135008E8;122113399;1;1;20171120
1.1589184E8;643824.0;8.9627898E8;122113269;1;1;20171120
1.15890352E8;643647.0;3.07881984E8;122113092;1;1;20171120
1.15911864E8;644582.0;6.1714003E8;122125003;1;1;20171120
1.15890728E8;644017.0;6.3044403E8;122115396;1;1;20171120
1.15895048E8;644000.0;8.9765402E8;122115366;1;1;20171120
1.15892184E8;644205.0;2.00232E8;122115585;1;1;20171120
1.15887944E8;644169.0;6.2053101E8;122115549;1;1;20171120
1.15917808E8;644868.0;2.90644E8;122128704;1;1;20171120
1.15882608E8;644055.0;4.6308E8;122115435;1;1;20171120
1.15885976E8;643934.0;4.70716E8;122113377;1;1;20171120
1.15888616E8;643756.0;1.54860992E8;122113201;1;1;20171120
1.15883648E8;643841.0;3.83295008E8;122113285;1;1;20171120
1.15890448E8;644142.0;1.19168E8;122115522;1;1;20171120
1.15890832E8;644071.0;1.19169E8;122115451;1;1;20171120
1.1588216E8;643649.0;6.0068301E8;122113094;1;1;20171120
1.15885184E8;643614.0;6.0066899E8;122113059;1;1;20171120
1.15908992E8;644728.0;8.3511302E8;122128285;1;1;20171120
1.15883616E8;644024.0;6.3592397E8;122115403;1;1;20171120
1.15888512E8;644179.0;6.2148998E8;122115559;1;1;20171120
1.15883376E8;643704.0;2.09134E8;122113149;1;1;20171120
1.15886032E8;643982.0;3.83336E8;122113423;1;1;20171120
1.158816E8;643828.0;1.0472E8;122113273;1;1;20171120
1.15886696E8;643822.0;3.83259008E8;122113267;1;1;20171120
1.1588828E8;644049.0;3.77153984E8;122115429;1;1;20171120
1.15885296E8;643658.0;4.44666016E8;122113103;1;1;20171120
1.15918336E8;644856.0;9.0742797E8;122128658;1;1;20171120
1.15890832E8;644071.0;1.19179E8;122115451;1;1;20171120
1.1588948E8;644152.0;8.1953101E8;122115532;1;1;20171120
1.15889768E8;643820.0;8.2412602E8;122113265;1;1;20171120
1.15878992E8;644016.0;2.00228E8;122115395;1;1;20171120
1.15912608E8;644786.0;2.92464992E8;122128343;1;1;20171120
1.15908888E8;644515.0;4.40785984E8;122123977;1;1;20171120
1.15837416E8;644319.0;4.45008992E8;122115996;1;1;20171120
1.15884416E8;644185.0;1.18122E8;122115565;1;1;20171120
1.15888408E8;644120.0;2.28414992E8;122115500;1;1;20171120
1.1590824E8;644763.0;6.9476397E8;122128320;1;1;20171120
1.15900752E8;644336.0;4.16340992E8;122116282;1;1;20171120
1.15889152E8;643588.0;5.7185498E8;122113033;1;1;20171120
1.1588692E8;643932.0;4.57903008E8;122113375;1;1;20171120
1.15890208E8;643560.0;8.0529101E8;122113005;1;1;20171120
1.15904032E8;644349.0;2.54896E8;122116295;1;1;20171120
1.15904752E8;644413.0;6.1101402E8;122121538;1;1;20171120
1.15880488E8;644035.0;9.5735002E8;122115414;1;1;20171120
1.15897952E8;644295.0;2.92464992E8;122115869;1;1;20171120
1.15897776E8;644297.0;1.64386992E8;122115871;1;1;20171120
1.158916E8;644217.0;1.19165E8;122115597;1;1;20171120
1.15883696E8;644097.0;5.6995603E8;122115477;1;1;20171120
1.15881408E8;644225.0;2.00232E8;122115605;1;1;20171120
1.15892128E8;643943.0;4.51771008E8;122113384;1;1;20171120
1.15882504E8;644059.0;2.00232992E8;122115439;1;1;20171120
1.15914528E8;644687.0;7.0656E8;122128188;1;1;20171120
1.15910184E8;644504.0;7.4598803E8;122123966;1;1;20171120
1.15911848E8;644575.0;6.1101402E8;122124996;1;1;20171120
2.017112E19;643994.0;1.007E8;122115343;1;1;20171120
1.15887736E8;643829.0;4.83399008E8;122113274;1;1;20171120
1.15910024E8;644772.0;1.52088992E8;122128329;1;1;20171120
1.15915496E8;644890.0;3.83249984E8;122128725;1;1;20171120
1.15910064E8;644513.0;1.41086E8;122123975;1;1;20171120
1.15897944E8;644277.0;9.0968397E8;122115851;1;1;20171120
1.15888832E8;644101.0;3.11367008E8;122115481;1;1;20171120
1.15886312E8;644104.0;1.85156992E8;122115484;1;1;20171120
1.15890472E8;643715.0;4.21899008E8;122113160;1;1;20171120
1.15906376E8;644414.0;1.62441008E8;122121539;6;6;20171120
1.1588488E8;643919.0;4.65646016E8;122113362;1;1;20171120
1.15886576E8;643774.0;4.65572E8;122113219;1;1;20171120
1.15883184E8;644176.0;4.74389984E8;122115556;1;1;20171120
1.15887576E8;643736.0;4.65572E8;122113181;1;1;20171120
1.15892408E8;644080.0;4.03922016E8;122115460;2;2;20171120
1.15912744E8;644834.0;6.1022701E8;122128391;1;1;20171120
1.15912528E8;644707.0;5.8544102E8;122128254;1;1;20171120
1.15915424E8;644893.0;3.83267008E8;122128728;1;1;20171120
1.15881408E8;644240.0;7.4801402E8;122115620;1;1;20171120
1.15892E8;644125.0;5.07314016E8;122115505;1;1;20171120
1.15911792E8;644748.0;8.3703802E8;122128305;1;1;20171120
1.1588316E8;644028.0;8.8552499E8;122115407;1;1;20171120
1.15886584E8;644238.0;8.4632E8;122115618;2;2;20171120
1.1589504E8;643999.0;9.0741101E8;122115365;1;1;20171120
1.15908224E8;644522.0;3.39781984E8;122123984;1;1;20171120
1.15886776E8;644105.0;4.49956992E8;122115485;1;1;20171120
1.15888536E8;644241.0;2.29787008E8;122115621;1;1;20171120
1.15890136E8;644221.0;1.78488992E8;122115601;1;1;20171120
2.017112E19;643936.0;3.71103008E8;122113379;1;1;20171120
1.1588536E8;644157.0;4.59022016E8;122115537;1;1;20171120
1.15899168E8;644352.0;1.18122E8;122116298;1;1;20171120
1.1589784E8;644292.0;6.0959501E8;122115866;1;1;20171120
1.1589252E8;644700.0;4.59276E8;122128212;1;1;20171120
1.15887008E8;644213.0;7.9016698E8;122115593;1;1;20171120
1.15887064E8;644220.0;1.18116E8;122115600;1;1;20171120
1.15886328E8;643700.0;9.5640499E8;122113145;1;1;20171120
2.017112E19;643726.0;5.9349299E8;122113171;1;1;20171120
1.15884168E8;643624.0;9.0969101E8;122113069;4;4;20171120
1.15875224E8;644212.0;2.28472E8;122115592;1;1;20171120
1.158844E8;644168.0;5.7860102E8;122115548;1;1;20171120
1.15885056E8;643604.0;2.09136E8;122113049;1;1;20171120
1.15897544E8;644249.0;6.9536902E8;122115639;1;1;20171120
1.15883184E8;644176.0;4.74211008E8;122115556;1;1;20171120
1.1591864E8;644886.0;9.0741101E8;122128722;1;1;20171120
1.15892384E8;643623.0;8.57368E8;122113068;1;1;20171120
1.15881976E8;643981.0;5.7180602E8;122113422;1;1;20171120
2.017112E19;643593.0;6.1101402E8;122113038;1;1;20171120
1.15889928E8;644112.0;3.39783008E8;122115492;1;1;20171120
1.15889592E8;643751.0;5.30469984E8;122113196;1;1;20171120
1.15891616E8;643732.0;9.6571802E8;122113177;1;1;20171120
1.15886128E8;643625.0;9.39E8;122113070;1;1;20171120
1.15915696E8;644897.0;9.3879501E8;122128732;1;1;20171120
1.15912528E8;644705.0;9.4918298E8;122128252;1;1;20171120
1.15805184E8;644843.0;1.11783E8;122128601;1;1;20171120
1.15914216E8;644819.0;5.68152E8;122128376;1;1;20171120
1.1589168E8;644200.0;8.9627898E8;122115580;1;1;20171120
1.15887728E8;643857.0;5.34636992E8;122113301;1;1;20171120
1.15889312E8;643615.0;3.82677984E8;122113060;1;1;20171120
1.15898424E8;644331.0;9.9213702E8;122116277;1;1;20171120
1.15901072E8;644343.0;5.9349299E8;122116289;1;1;20171120
1.1591612E8;644864.0;5.9349299E8;122128700;1;1;20171120
1.15914992E8;644895.0;1.3375E8;122128730;1;1;20171120
1.15907896E8;644499.0;9.0465101E8;122123961;1;1;20171120
1.15891768E8;644034.0;6.2152998E8;122115413;20;20;20171120
1.15883248E8;643667.0;2.73392E8;122113112;1;1;20171120
1.15887144E8;643568.0;3.76287008E8;122113013;1;1;20171120
1.15887112E8;643567.0;8.3511302E8;122113012;1;1;20171120
1.15887392E8;643711.0;1.49078992E8;122113156;1;1;20171120
1.15912432E8;644821.0;7.4909798E8;122128378;1;1;20171120
1.15911792E8;644741.0;3.91284992E8;122128298;1;1;20171120
1.15904528E8;644651.0;1.85352992E8;122128149;1;1;20171120
1.1588064E8;644081.0;4.55088E8;122115461;1;1;20171120
1.15890056E8;643950.0;8.9765402E8;122113391;1;1;20171120
1.15889024E8;643931.0;1.0472E8;122113374;1;1;20171120
1.15888736E8;643805.0;1.00591E8;122113250;1;1;20171120
1.15881808E8;644146.0;4.59276992E8;122115526;1;1;20171120
1.15908384E8;644684.0;1.11763E8;122128184;1;1;20171120
1.15897728E8;644300.0;3.11367008E8;122115874;1;1;20171120
1.1589184E8;644007.0;6.2151802E8;122115386;1;1;20171120
1.1588684E8;644110.0;4.59276E8;122115490;1;1;20171120
1.15914856E8;644729.0;5.9349299E8;122128286;1;1;20171120
1.15886344E8;643674.0;8.8303501E8;122113119;1;1;20171120
1.15911504E8;644605.0;4.64095008E8;122125026;1;1;20171120
1.15884664E8;643826.0;8.9765402E8;122113271;1;1;20171120
1.15887944E8;643928.0;9.8482003E8;122113371;1;1;20171120
1.1588276E8;643905.0;4.44770016E8;122113348;1;1;20171120
1.1590716E8;644418.0;1.79064E8;122121543;1;1;20171120
1.15886064E8;643989.0;4.65572E8;122113430;1;1;20171120
1.15881744E8;644111.0;3.39785984E8;122115491;2;2;20171120
1.1588328E8;644119.0;8.3511302E8;122115499;1;1;20171120
1.15887376E8;644116.0;2.57842992E8;122115496;1;1;20171120
1.15886248E8;643641.0;3.54820992E8;122113086;1;1;20171120
1.15884936E8;643935.0;6.0066899E8;122113378;1;1;20171120
1.15888744E8;643825.0;1.29305E8;122113270;1;1;20171120
1.1591E8;644488.0;4.24197984E8;122123133;2;2;20171120
1.15889352E8;644121.0;4.50256E8;122115501;1;1;20171120
1.15904648E8;644759.0;8.8303501E8;122128316;1;1;20171120
1.15910264E8;644579.0;1.35774E8;122125000;1;1;20171120
1.15883792E8;643894.0;4.52755008E8;122113337;1;1;20171120
1.15887808E8;643858.0;8.57368E8;122113302;1;1;20171120
1.15887312E8;643627.0;5.9349299E8;122113072;2;2;20171120
1.15898256E8;644770.0;5.34804992E8;122128327;1;1;20171120
1.1591484E8;644708.0;1.64784992E8;122128255;1;1;20171120
1.15910672E8;644689.0;1.54854992E8;122128192;1;1;20171120
1.15897856E8;644274.0;1.41086E8;122115796;1;1;20171120
1.15900008E8;644354.0;2.12524992E8;122116300;1;1;20171120
1.158916E8;644217.0;1.19165008E8;122115597;1;1;20171120
1.15885824E8;644118.0;2.0202E8;122115498;1;1;20171120
1.15890472E8;643703.0;8.3511302E8;122113148;1;1;20171120
1.15911784E8;644595.0;2.94711008E8;122125016;1;1;20171120
1.15910552E8;644583.0;1.09963E8;122125004;1;1;20171120
1.15904032E8;644335.0;3.68633984E8;122116281;1;1;20171120
1.15905456E8;644777.0;9.0969299E8;122128334;1;1;20171120
1.15885424E8;643688.0;4.40852E8;122113133;1;1;20171120
1.15890392E8;643626.0;9.1245702E8;122113071;1;1;20171120
2.017112E19;644396.0;3.30296992E8;122121521;1;1;20171120
1.15891808E8;643815.0;4.16340992E8;122113260;1;1;20171120
1.15894736E8;644001.0;1.7907E8;122115367;1;1;20171120
1.15905904E8;644749.0;6.49496E8;122128306;1;1;20171120
1.15903296E8;644722.0;8.5644E8;122128279;1;1;20171120
1.15901544E8;644727.0;8.9627898E8;122128284;1;1;20171120
1.15889424E8;644128.0;8.1722899E8;122115508;1;1;20171120
1.15868512E8;643917.0;4.87652992E8;122113360;2;2;20171120
1.15884336E8;644143.0;3.76076E8;122115523;1;1;20171120
1.1589172E8;643779.0;2.84388992E8;122113224;2;2;20171120
1.15882408E8;643725.0;1.0472E8;122113170;1;1;20171120
1.15904656E8;644774.0;1.19103E8;122128331;1;1;20171120
1.15918896E8;644902.0;3.91284992E8;122128737;1;1;20171120
1.15906368E8;644410.0;3.39836992E8;122121535;1;1;20171120
1.15890432E8;643662.0;9.12512E8;122113107;1;1;20171120
2.017112E19;643571.0;9.1251398E8;122113016;1;1;20171120
1.15897912E8;644287.0;8.5732102E8;122115861;1;1;20171120
1.15908192E8;644731.0;6.3047398E8;122128288;1;1;20171120
1.15886824E8;643887.0;1.07273E8;122113331;1;1;20171120
1.15917016E8;644867.0;1.24449E8;122128703;1;1;20171120
1.15905504E8;644832.0;4.49935008E8;122128389;1;1;20171120
1.1591148E8;644703.0;6.1107501E8;122128215;1;1;20171120
1.15890416E8;643666.0;4.18514016E8;122113111;1;1;20171120
1.15889984E8;644137.0;9.5630298E8;122115517;1;1;20171120
1.1588552E8;643749.0;4.54368992E8;122113194;1;1;20171120
1.15886832E8;644090.0;8.3228998E8;122115470;1;1;20171120
1.15847752E8;644842.0;9.5736E8;122128521;1;1;20171120
1.15903656E8;644797.0;6.2152301E8;122128354;1;1;20171120
1.15891176E8;644230.0;8.3511302E8;122115610;1;1;20171120
1.15888848E8;643865.0;1.03391E8;122113309;1;1;20171120
1.15911352E8;644588.0;9.1257498E8;122125009;1;1;20171120
1.1588512E8;643992.0;1.18159E8;122113769;1;1;20171120
1.15910832E8;644586.0;5.34828E8;122125007;1;1;20171120
1.15886912E8;644144.0;4.36131008E8;122115524;1;1;20171120
1.159126E8;644776.0;9.4918298E8;122128333;1;1;20171120
1.15903696E8;644368.0;1.58326992E8;122116314;2;2;20171120
1.15904784E8;644411.0;2.44694E8;122121536;1;1;20171120
1.15897896E8;644299.0;2.34769008E8;122115873;1;1;20171120
1.15885072E8;643602.0;4.63530016E8;122113047;1;1;20171120
1.15906216E8;644403.0;1.19815E8;122121528;1;1;20171120
1.15912584E8;644762.0;1.87834992E8;122128319;1;1;20171120
1.1588144E8;643760.0;2.75508E8;122113205;1;1;20171120
1.15883096E8;643594.0;1.3375E8;122113039;1;1;20171120
1.15899176E8;644364.0;9.4203699E8;122116310;1;1;20171120
1.15897984E8;644276.0;8.4628198E8;122115828;1;1;20171120
1.1590416E8;644339.0;8.3961299E8;122116285;1;1;20171120
1.15911824E8;644606.0;2.99898016E8;122125027;2;2;20171120
1.15899568E8;644796.0;1.18122E8;122128353;1;1;20171120
1.15918864E8;644871.0;9.0465402E8;122128707;1;1;20171120
1.15885776E8;644089.0;1.18122E8;122115469;1;1;20171120
1.15918512E8;644877.0;2.57842E8;122128713;2;2;20171120
1.1588592E8;643925.0;5.9349299E8;122113368;1;1;20171120
1.15908424E8;644425.0;2.34769008E8;122123053;1;1;20171120
1.15892424E8;644078.0;8.9627898E8;122115458;1;1;20171120
1.15911912E8;644592.0;9.4918298E8;122125013;1;1;20171120
1.15885264E8;644100.0;1.06462E8;122115480;1;1;20171120
1.15890168E8;644228.0;1.8535E8;122115608;1;1;20171120
1.15884712E8;644066.0;8.3228998E8;122115446;1;1;20171120
1.15886224E8;643612.0;4.70715008E8;122113057;1;1;20171120
1.15886744E8;644052.0;7.0130899E8;122115432;1;1;20171120
1.15881424E8;643731.0;2.92464992E8;122113176;1;1;20171120
1.15895544E8;644085.0;1.77574992E8;122115465;1;1;20171120
1.15875088E8;644421.0;2.0914E8;122121550;1;1;20171120
1.15885088E8;643601.0;5.34474016E8;122113046;1;1;20171120
1.15909488E8;644751.0;4.62728992E8;122128308;1;1;20171120
1.15886336E8;644102.0;3.39785984E8;122115482;1;1;20171120
1.15891544E8;643683.0;2.54896E8;122113128;1;1;20171120
1.15907192E8;644397.0;1.23856E8;122121522;1;1;20171120
1.15908376E8;644520.0;2.34769008E8;122123982;1;1;20171120
1.15911304E8;644757.0;7.0142899E8;122128314;2;2;20171120
1.15907848E8;644402.0;5.6526899E8;122121527;1;1;20171120
1.15892432E8;644079.0;5.05744992E8;122115459;1;1;20171120
1.15885296E8;644099.0;8.1947802E8;122115479;1;1;20171120
1.15886E8;643946.0;4.44666016E8;122113387;1;1;20171120
1.15885328E8;643673.0;4.39042016E8;122113118;1;1;20171120
1.15901368E8;644799.0;3.79808E8;122128356;1;1;20171120
1.15914904E8;644766.0;1.45512E8;122128323;1;1;20171120
1.15885432E8;644183.0;5.5965299E8;122115563;1;1;20171120
1.15890152E8;643975.0;4.44644992E8;122113416;1;1;20171120
1.1590756E8;644811.0;6.9511597E8;122128368;1;1;20171120
1.15911944E8;644604.0;3.9764E8;122125025;1;1;20171120
1.15907576E8;644412.0;2.09136E8;122121537;1;1;20171120
1.15886928E8;644166.0;5.7855501E8;122115546;1;1;20171120
1.15884776E8;643877.0;2.08604992E8;122113321;1;1;20171120
1.15889744E8;643801.0;2.13712992E8;122113246;1;1;20171120
1.15890472E8;643716.0;7.3884998E8;122113161;1;1;20171120
1.15885064E8;643583.0;4.44644992E8;122113028;1;1;20171120
1.15903744E8;644663.0;8.37096E8;122128161;10;10;20171120
1.15887944E8;644167.0;1.19165E8;122115547;1;1;20171120
1.15891904E8;644083.0;8.9627898E8;122115463;1;1;20171120
1.15887032E8;643955.0;1.21113E8;122113396;1;1;20171120
1.15881472E8;643776.0;9.0968397E8;122113221;1;1;20171120
1.15904536E8;644683.0;1.52088992E8;122128182;1;1;20171120
1.15883184E8;644176.0;4.74385984E8;122115556;1;1;20171120
1.1588948E8;643707.0;3.39815008E8;122113152;1;1;20171120
1.1588964E8;643763.0;5.30469984E8;122113208;1;1;20171120
1.15883472E8;643734.0;9.5635597E8;122113179;2;2;20171120
1.15888408E8;644123.0;7.0026899E8;122115503;1;1;20171120
1.15887264E8;643642.0;9.1958202E8;122113087;1;1;20171120
1.1589028E8;643608.0;1.57421008E8;122113053;1;1;20171120
1.15884832E8;643904.0;2.34769008E8;122113347;1;1;20171120
1.15906344E8;644394.0;1.007E8;122121519;1;1;20171120
1.15883184E8;644176.0;4.74575008E8;122115556;1;1;20171120
1.15915E8;644873.0;5.9349299E8;122128709;1;1;20171120
1.15888608E8;643743.0;1.54854992E8;122113188;1;1;20171120
1.15886576E8;643774.0;4.65572E8;122113219;1;1;20171120
1.15888784E8;643851.0;2.09137008E8;122113295;1;1;20171120
1.15912752E8;644721.0;4.49743008E8;122128278;1;1;20171120
1.15888504E8;644178.0;1.54856992E8;122115558;1;1;20171120
1.15883984E8;644209.0;8.8552499E8;122115589;1;1;20171120
1.1588964E8;644234.0;1.52088992E8;122115614;1;1;20171120
1.1588836E8;643657.0;1.007E8;122113102;1;1;20171120
1.15897864E8;644290.0;6.0817798E8;122115864;3;3;20171120
1.15890472E8;643716.0;1.03391E8;122113161;1;1;20171120
1.1588972E8;644043.0;1.18117E8;122115422;1;1;20171120
1.15889664E8;643775.0;4.44660992E8;122113220;1;1;20171120
1.15887568E8;643735.0;2.34769008E8;122113180;1;1;20171120
2.017112E19;644190.0;2.2978E8;122115570;7;7;20171120
1.1589056E8;644180.0;1.36004E8;122115560;1;1;20171120
1.15884296E8;643671.0;3.79955008E8;122113116;1;1;20171120
1.15887144E8;643582.0;2.09136E8;122113027;1;1;20171120
1.15917976E8;644880.0;8.9047802E8;122128716;1;1;20171120
1.15887088E8;643983.0;4.64860992E8;122113424;1;1;20171120
1.15892424E8;643644.0;9.5631302E8;122113089;1;1;20171120
1.15887488E8;643755.0;9.3899699E8;122113200;1;1;20171120
1.15910016E8;644509.0;4.67468992E8;122123971;1;1;20171120
1.15884072E8;643556.0;4.3622E8;122113001;1;1;20171120
1.1589916E8;644658.0;7.2414803E8;122128156;1;1;20171120
1.15889952E8;643888.0;6.04496E8;122113332;1;1;20171120
1.1589056E8;643747.0;7.0130899E8;122113192;1;1;20171120
1.1591708E8;644874.0;1.19809E8;122128710;1;1;20171120
1.15918952E8;644869.0;4.65572E8;122128705;1;1;20171120
1.1587584E8;643565.0;5.5630202E8;122113010;1;1;20171120
1.15911856E8;644820.0;6.2149101E8;122128377;1;1;20171120
1.15911368E8;644570.0;1.32766E8;122124991;1;1;20171120
1.15888784E8;644004.0;8.3228102E8;122115383;1;1;20171120
1.15885968E8;643956.0;1.18122E8;122113397;1;1;20171120
1.15890832E8;644071.0;1.19232E8;122115451;1;1;20171120
1.15887264E8;643660.0;5.5630202E8;122113105;1;1;20171120
1.1588E8;643587.0;3.19496992E8;122113032;1;1;20171120
1.15897592E8;644252.0;6.3376698E8;122115651;1;1;20171120
1.15881392E8;644245.0;6.0835398E8;122115625;5;5;20171120
1.15907096E8;644506.0;4.59288E8;122123968;1;1;20171120
1.15910224E8;644590.0;6.9537101E8;122125011;1;1;20171120
1.158906E8;643762.0;9.5640602E8;122113207;2;2;20171120
1.158892E8;644047.0;2.2968E8;122115426;1;1;20171120
1.1588776E8;644041.0;5.6983302E8;122115420;1;1;20171120
1.15911808E8;644600.0;2.32184992E8;122125021;1;1;20171120
1.15897752E8;644281.0;1.18103E8;122115855;1;1;20171120
1.15884704E8;643843.0;9.5635597E8;122113287;1;1;20171120
1.15880976E8;643573.0;7.27424E8;122113018;1;1;20171120
1.15914816E8;644720.0;1.18106E8;122128277;1;1;20171120
1.15882608E8;644061.0;1.19111E8;122115441;1;1;20171120
1.15889144E8;643973.0;4.44666016E8;122113414;1;1;20171120
1.15908248E8;644778.0;3.79808992E8;122128335;1;1;20171120
1.15907944E8;644501.0;8.3961299E8;122123963;1;1;20171120
1.1591E8;644510.0;1.0054E8;122123972;1;1;20171120
1.15908376E8;644521.0;9.8453498E8;122123983;1;1;20171120
1.15892272E8;643581.0;1.50503008E8;122113026;1;1;20171120
2.017112E19;643557.0;6.04496E8;122113002;1;1;20171120
1.15890336E8;644074.0;2.34506E8;122115454;1;1;20171120
1.15897808E8;644291.0;3.64401984E8;122115865;1;1;20171120
1.15904528E8;644669.0;1.59794992E8;122128167;1;1;20171120
1.15884784E8;643899.0;3.46252992E8;122113342;1;1;20171120
1.15910936E8;644674.0;1.71928992E8;122128172;1;1;20171120
1.15886992E8;643959.0;1.47604992E8;122113400;1;1;20171120
1.15889664E8;643771.0;4.44666016E8;122113216;1;1;20171120
1.15887248E8;644044.0;1.04997E8;122115423;1;1;20171120
1.15889448E8;643693.0;1.91766E8;122113138;3;3;20171120
1.15888344E8;643652.0;1.33397E8;122113097;1;1;20171120
1.15912096E8;644795.0;1.89370992E8;122128352;2;2;20171120
1.1589136E8;643629.0;2.79733984E8;122113074;1;1;20171120
1.15888184E8;643585.0;3.60196992E8;122113030;1;1;20171120
1.15888608E8;644222.0;9.0349197E8;122115602;1;1;20171120
1.15885648E8;643794.0;1.29305E8;122113239;1;1;20171120
1.1589168E8;643738.0;1.97250992E8;122113183;1;1;20171120
1.15887912E8;644162.0;6.0286502E8;122115542;1;1;20171120
1.15897904E8;644293.0;2.06023008E8;122115867;1;1;20171120
1.15892744E8;643998.0;4.50592992E8;122115348;1;1;20171120
1.15886064E8;643988.0;1.54846992E8;122113429;1;1;20171120
1.15888784E8;643835.0;2.08604992E8;122113279;1;1;20171120
1.15910808E8;644773.0;8.79856E8;122128330;1;1;20171120
1.15885864E8;644134.0;6.0447002E8;122115514;1;1;20171120
1.15884368E8;643690.0;1.19808E8;122113135;1;1;20171120
1.1588852E8;644184.0;8.1947802E8;122115564;1;1;20171120
1.15889832E8;644076.0;7.7331712E8;122115456;1;1;20171120
1.15889392E8;643663.0;3.91284992E8;122113108;1;1;20171120
1.15888152E8;644010.0;4.54688E8;122115389;1;1;20171120
1.15889464E8;643714.0;8.8303501E8;122113159;1;1;20171120
1.15910472E8;644587.0;2.06023008E8;122125008;1;1;20171120
1.15897608E8;644286.0;1.40322992E8;122115860;1;1;20171120
1.15882504E8;643777.0;2.57842992E8;122113222;1;1;20171120
1.15887456E8;643705.0;3.50668E8;122113150;1;1;20171120
1.1589008E8;644226.0;2.28420992E8;122115606;1;1;20171120
1.15887088E8;644243.0;8.9047802E8;122115623;1;1;20171120
1.15917976E8;644880.0;8.9047898E8;122128716;1;1;20171120
1.15880952E8;644244.0;5.8814298E8;122115624;1;1;20171120
1.1588628E8;644096.0;4.59276E8;122115476;1;1;20171120
1.15917344E8;644892.0;4.6092E8;122128727;1;1;20171120
1.15914552E8;644699.0;8.9048301E8;122128211;1;1;20171120
1.15904776E8;644420.0;3.53364992E8;122121545;1;1;20171120
1.15887344E8;643670.0;2.68675008E8;122113115;1;1;20171120
1.15887648E8;643795.0;1.33355008E8;122113240;1;1;20171120
1.1591084E8;644790.0;1.85316992E8;122128347;1;1;20171120
1.15876216E8;643719.0;5.9349299E8;122113164;1;1;20171120
1.15879784E8;644156.0;7.5175098E8;122115536;1;1;20171120
1.15882456E8;643746.0;4.44666016E8;122113191;1;1;20171120
1.15910704E8;64459